-592
18
575
-839
497
148
-742
729
-85
-650
722
18
-784
574
391
-796
-19
772
-326
-632
571
496
-693
-238
770
9
-821
250
715
-471
-566
657
391
-778
-153
832
-20
-783
130
794
-136
-819
84
829
31
-813
-268
726
473
-634
-642
431
715
-266
-830
168
814
-170
-810
228
763
-400
-681
551
522
-696
-302
817
85
-852
45
811
-72
-799
-88
810
362
-599
-684
185
793
464
-348
-826
-430
335
825
511
-244
-794
-634
155
754
633
-53
-745
-681
91
737
686
-110
-788
-588
170
788
590
-128
-752
-678
64
721
737
99
-649
-801
-200
567
773
150
-674
-683
193
801
264
-698
-498
578
573
-526
-620
616
494
-677
-305
796
60
-833
121
733
-373
-730
449
676
-484
-703
435
740
-288
-806
86
787
162
-762
-353
660
542
-546
-608
456
641
-478
-659
531
590
-638
-435
741
234
-809
37
814
-285
-749
500
561
-685
-348
761
116
-810
107
778
-423
-565
683
195
-805
332
590
-743
98
614
-773
278
498
-813
612
-2
-582
818
-578
-1
623
-798
506
167
-747
716
-107
-660
712
51
-742
531
387
-808
-16
813
-354
-648
583
500
-720
-226
802
30
-795
218
739
-461
-640
659
380
-746
-175
847
-7
-827
137
808
-153
-811
96
844
45
-794
-243
751
460
-600
-647
438
748
-263
-773
183
810
-154
-792
215
763
-367
-687
541
528
-707
-286
805
91
-820
24
822
-12
-788
-69
790
344
-605
-690
184
807
480
-377
-815
-432
363
804
481
-260
-807
-604
111
778
680
-44
-732
-701
60
736
632
-109
-773
-599
181
767
597
-160
-762
-658
33
695
736
84
-629
-789
-222
595
779
122
-667
-688
188
772
278
-709
-520
595
591
-547
-591
612
500
-688
-297
809
69
-807
174
782
-322
-742
475
683
-479
-694
422
725
-263
-802
83
844
136
-790
-355
673
594
-555
-636
462
660
-497
-679
547
565
-637
-420
749
251
-837
10
809
-250
-729
495
542
-653
-358
742
123
-840
151
758
-442
-589
705
219
-800
313
578
-740
135
605
-775
254
467
-831
591
-38
-581
787
-577
11
600
-799
498
173
-738
747
-80
-686
711
-30
-783
555
377
-849
48
790
-327
-675
573
483
-726
-232
797
82
-845
230
713
-458
-621
657
361
-736
-151
845
-20
-838
93
814
-122
-767
103
828
109
-813
-263
721
422
-579
-662
416
761
-278
-732
167
792
-134
-814
216
768
-329
-702
558
547
-719
-309
778
136
-816
38
812
-42
-829
-123
797
340
-624
-668
171
779
472
-339
-792
-416
393
806
493
-265
-796
-642
127
742
682
-74
-727
-704
68
737
637
-123
-762
-623
159
756
624
-140
-741
-631
56
679
714
76
-640
-783
-156
559
804
145
-664
-681
183
815
214
-715
-522
589
611
-541
-617
582
512
-729
-301
778
67
-818
169
773
-355
-716
445
688
-456
-703
371
739
-264
-853
90
832
155
-760
-367
657
564
-538
-630
496
676
-481
-653
533
580
-623
-461
749
227
-800
10
820
-280
-741
519
536
-672
-348
772
106
-832
118
761
-441
-629
705
247
-833
293
558
-745
135
634
-793
275
451
-803
611
-16
-596
855
-597
-33
585
-824
497
169
-739
733
-58
-686
746
29
-751
567
391
-788
28
788
-335
-704
601
468
-728
-277
794
65
-823
226
740
-479
-611
620
383
-788
-181
780
7
-847
157
768
-142
-853
94
800
52
-795
-261
741
439
-585
-614
419
784
-317
-776
169
799
-137
-785
274
756
-352
-662
547
524
-683
-317
803
122
-812
26
821
-85
-806
-50
779
345
-639
-711
186
806
467
-388
-833
-421
362
812
512
-231
-795
-621
132
739
668
-66
-725
-659
61
760
654
-101
-779
-625
172
785
650
-143
-762
-642
20
718
771
87
-645
-752
-213
606
784
173
-666
-677
147
845
260
-713
-484
594
608
-560
-581
595
470
-673
-300
793
102
-823
163
771
-342
-741
492
665
-493
-696
378
744
-280
-798
105
822
170
-776
-369
661
534
-594
-647
460
667
-456
-664
548
594
-633
-434
745
228
-790
13
796
-280
-712
496
577
-682
-353
781
139
-788
107
773
-401
-595
717
214
-808
321
570
-793
119
652
-791
277
425
-827
586
-8
-567
832
-584
7
573
-823
508
149
-749
730
-71
-654
743
-17
-785
558
425
-836
13
792
-348
-692
563
465
-705
-250
800
30
-839
225
733
-435
-576
665
374
-773
-110
844
-10
-808
123
803
-151
-807
102
832
54
-788
-271
750
425
-612
-643
440
699
-284
-822
172
810
-150
-805
240
767
-364
-694
548
517
-708
-318
789
102
-795
20
834
-44
-793
-84
780
379
-676
-703
224
806
437
-377
-813
-420
390
810
523
-241
-790
-613
108
741
652
-51
-735
-684
91
747
654
-127
-799
-630
115
765
617
-120
-777
-656
50
671
694
83
-614
-788
-174
580
761
111
-679
-701
186
789
252
-726
-542
586
604
-549
-598
615
535
-676
-293
759
46
-819
146
796
-344
-711
461
671
-458
-695
401
724
-278
-814
92
772
149
-762
-389
666
544
-558
-659
490
705
-455
-670
525
577
-626
-414
729
257
-830
19
796
-267
-704
514
556
-697
-404
773
96
-802
144
765
-416
-590
658
219
-839
299
540
-768
124
637
-786
287
451
-840
623
-2
-564
830
