1456
2066
2623
1209
2545
2196
1306
2777
1963
1398
2770
2066
1264
2622
2439
1252
2029
2820
1722
1416
2619
2544
1355
1810
2818
2057
1227
2298
2763
1577
1482
2705
2439
1270
1895
2880
2028
1265
2178
2842
1912
1229
2132
2877
2079
1235
1780
2774
2521
1414
1406
2479
2763
1782
1218
2216
2862
1878
1238
2276
2811
1648
1367
2599
2570
1352
1746
2865
2133
1196
2093
2859
1976
1249
1960
2858
2410
1449
1364
2233
2841
2512
1700
1222
1618
2383
2873
2559
1804
1254
1414
2203
2802
2681
1995
1303
1367
2139
2785
2734
1938
1260
1460
2218
2836
2638
1920
1296
1370
2112
2769
2785
2147
1399
1247
1848
2615
2821
2198
1374
1365
2241
2849
2312
1350
1550
2626
2621
1522
1428
2664
2542
1371
1743
2844
2108
1215
2169
2781
1675
1318
2497
2724
1564
1345
2483
2788
1760
1242
2134
2835
2210
1286
1695
2708
2590
1502
1440
2504
2689
1570
1389
2579
2638
1410
1613
2789
2282
1239
2085
2862
1763
1299
2548
2609
1363
1700
2809
2164
1238
2155
2826
1625
1483
2731
2243
1243
2380
2638
1305
2146
2662
1275
2326
2546
1235
2660
2046
1466
2866
1470
2047
2671
1250
2554
2215
1301
2764
1941
1388
2760
2099
1306
2579
2435
1240
2032
2861
1694
1400
2631
2548
1328
1822
2850
2078
1253
2266
2787
1587
1408
2707
2428
1302
1873
2895
2041
1221
2185
2856
1895
1237
2144
2892
2093
1254
1805
2799
2508
1448
1401
2486
2796
1785
1275
2231
2858
1894
1256
2263
2811
1681
1361
2589
2576
1341
1762
2853
2139
1228
2072
2870
2036
1260
1979
2838
2392
1443
1358
2232
2855
2528
1671
1233
1616
2411
2852
2529
1788
1241
1444
2159
2826
2728
2004
1316
1347
2108
2784
2680
1939
1275
1449
2229
2815
2645
1888
1286
1390
2081
2743
2784
2132
1419
1259
1826
2643
2827
2170
1381
1360
2236
2820
2326
1339
1528
2643
2639
1501
1457
2660
2548
1360
1751
2857
2117
1241
2222
2830
1726
1306
2523
2731
1569
1354
2470
2773
1785
1246
2131
2892
2184
1258
1693
2721
2642
1493
1412
2510
2708
1551
1369
2595
2613
1411
1628
2797
2299
1211
2058
2857
1798
1319
2543
2590
1395
1690
2790
2171
1208
2199
2806
1606
1459
2753
2267
1248
2361
2626
1308
2183
2653
1273
2302
2515
1217
2639
2010
1467
2835
1471
2059
2648
1249
2546
2221
1310
2795
1968
1362
2759
2018
1265
2603
2425
1199
2096
2838
1721
1373
2621
2531
1322
1816
2845
2130
1203
2278
2761
1590
1427
2705
2409
1312
1897
2893
2028
1210
2141
2862
1926
1281
2151
2876
2157
1235
1785
2769
2470
1469
1386
2464
2809
1770
1316
2215
2840
1914
1234
2264
2816
1719
1346
2606
2595
1329
1739
2826
2184
1232
2086
2860
2006
1219
1925
2845
2388
1424
1380
2219
2827
2520
1709
1256
1632
2441
2854
2541
1783
1252
1406
2175
2790
2730
1974
1321
1344
2116
2785
2685
1925
1286
1425
2207
2804
2672
1908
1307
1417
2104
2727
2762
2124
1408
1265
1892
2607
2852
2193
1384
1367
2231
2863
2262
1333
1526
2637
2659
1507
1431
2630
2560
1319
1747
2826
2115
1230
2217
2821
1693
1332
2493
2736
1592
1345
2419
2787
1784
1195
2138
2880
2203
1288
1681
2705
2612
1510
1418
2544
2724
1567
1395
2581
2628
1425
1587
2797
2275
1248
2058
2868
1768
1307
2567
2584
1376
1700
2820
2154
1216
2166
2809
1607
1419
2753
2295
1215
2341
2606
1303
2183
2682
1255
2323
2499
1245
2659
2032
1452
2903
1451
2015
2633
1224
2545
2217
1309
2781
1990
1362
2794
2077
1297
2615
2439
1260
2076
2836
1713
1344
2649
2516
1320
1771
2842
2113
1225
2274
2788
1569
1437
2668
2431
1260
1867
2828
2055
1201
2205
2816
1906
1195
2142
2848
2100
1253
1787
2789
2487
1463
1434
2467
2832
1731
1272
2217
2847
1911
1263
2322
2804
1696
1386
2595
2572
1365
1731
2851
2170
1236
2074
2869
1963
1242
1998
2827
2393
1409
1337
2234
2854
2515
1660
1215
1627
2410
2860
2560
1817
1253
1427
2180
2787
2716
1982
1323
1389
2109
2808
2702
1947
1269
1423
2220
2833
2698
1905
1286
1406
2068
2766
2819
2135
1403
1296
1835
2654
2832
2221
1382
1371
2195
2893
2308
1335
1564
2642
2656
1488
1467
2643
2518
1375
1748
2841
2150
1225
2211
2819
1706
1307
2540
2713
1555
1352
2426
2792
1768
1250
2153
2870
2218
1272
1679
2709
2582
1454
1401
2508
2715
1592
1384
2596
2642
1415
1614
2793
2276
1258
2061
2844
1768
1336
2544
2625
1366
1695
2829
2187
1260
2155
2821
1647
1453
2765
2262
1240
2369
2618
1255
2167
2700
1257
2325
2473
1221
2634
2040
1481
2880
1464
2055
2621
1225
2556
2197
1299
2778
1977
1394
2791
2031
1263
2606
2473
1212
2061
2840
1700
1356
2611
2513
1343
1798
2848
2078
1209
2273
2781
1613
1472
2713
2422
1275
1938
2892
2038
1240
2171
2851
1897
1241
2150
2880
2102
1260
1777
2798
2473
1436
1405
2488
2747
1764
1226
2220
2858
1898
1243
2288
2815
1684
1354
2596
2565
1340
1730
2837
2150
1253
2068
2882
2004
1255
1964
2828
2427
1372
1345
2272
2854
2485
1671
1235
1628
2438
2858
2571
1807
1258
1435
2156
2789
2700
1997
1313
1364
2139
2795
2702
1921
1249
1418
2163
2813
2665
1928
1271
1392
2098
2719
2742
2131
1434
1260
1874
2628
2809
2159
1369
1347
2234
2837
2300
1322
1506
2634
2652
1499
1450
2663
2583
1372
1755
2807
2094
1229
2194
2844
1704
1337
2509
2719
1590
1353
2449
2772
1770
1234
2140
2820
2197
1286
1659
2714
2592
1490
1389
2538
2753
1593
1378
2573
2625
1422
1634
2777
2305
1218
2067
2844
1781
1344
2562
2604
1351
1644
2821
2144
1246
2192
2813
1632
1458
2706
2267
1209
2347
2588
1280
2172
2685
1262
2335
2499
1208
2671
2046
1484
2878
