8
9792
11832
7796
972
10144
9520
144
7368
7384
20
6832
3544
1476
4508
-8
4440
800
2688
1260
980
3032
328
2992
8
3216
424
2560
1156
1732
1828
748
2836
128
2136
16
1452
-28
76
-48
-652
-12
-1432
-8
-2940
-364
-2324
-664
-1580
-1972
-504
-1932
-484
-1152
40
24
8
704
172
2008
508
1544
1372
1208
2440
576
2628
44
1588
28
332
16
-2084
16
-3256
-1292
-3216
-4752
-360
-7908
-4144
-2552
-9168
-4456
-2892
-9796
-5960
-1548
-10136
-6872
-384
-9392
-8240
-128
-8448
-7260
-108
-9104
-6912
-212
-8136
-6760
-720
-8920
-7452
-468
-9412
-7752
-56
-9216
-9472
-184
-7720
-9656
-988
-6256
-8580
-288
-5984
-5232
-408
-5792
-456
-2692
-952
-720
-492
-416
820
1172
484
2172
592
3020
36
2264
200
3200
24
820
364
356
-196
-500
-232
-1680
-292
-2472
24
-3248
-68
-2328
-600
-2060
-980
-600
-920
-256
236
-140
540
560
948
1552
712
2332
256
3420
0
3036
276
2332
1452
1640
2264
428
2892
92
2840
56
3772
1500
2476
4304
424
6580
1264
4028
8376
284
7736
10592
1716
5344
12452
9696
0
9896
12868
9968
0
9460
12820
7144
1032
10292
9964
132
6896
7064
32
7188
3324
1904
4460
4
4484
936
2416
1348
1072
3160
308
2476
-4
3188
200
2816
688
1836
2584
548
2524
276
2216
0
1628
36
200
-4
-728
-52
-1724
-32
-2508
-172
-2484
-1084
-1752
-1592
-692
-2008
-104
-996
-112
-344
44
748
104
1816
440
1844
1352
1380
2680
452
2400
24
1444
0
-152
8
-1056
0
-3388
-1116
-3484
-4780
-380
-7944
-3848
-2428
-9584
-4000
-2868
-10048
-5596
-1920
-9964
-7796
-416
-8956
-8220
-44
-8600
-7524
-40
-8248
-7188
-320
-8352
-6460
-640
-9320
-6744
-568
-9588
-8416
-32
-8992
-9084
-204
-7976
-9884
-868
-5864
-8408
-264
-6460
-5256
-292
-6096
-288
-2700
-892
-656
-436
0
576
856
588
2320
580
2784
-4
3088
72
1792
196
1676
392
44
-72
-612
-208
-1856
-320
-2228
-52
-2704
-112
-2616
-648
-2492
-1000
-356
-940
-180
372
-136
484
948
792
1480
748
1968
332
3148
4
2996
316
2784
1508
1432
1996
536
2960
200
3372
192
3472
1200
2400
4116
360
6680
1284
4304
8812
416
7172
10200
1888
5852
11776
10624
12
9068
13244
9988
-8
9464
12520
7068
1092
10664
9252
96
7172
8440
-40
6036
3720
1864
4952
44
3452
604
2636
1736
1192
2904
268
1888
60
3788
484
2704
672
1852
2660
492
2648
260
2084
0
916
36
352
96
-240
-104
-2656
-28
-1876
-384
-1888
-1048
-2320
-1636
-628
-1568
128
-1456
-172
-408
-48
1004
156
1352
348
2444
1300
1300
2552
296
2128
80
2208
4
52
-12
-2052
-64
-2624
-992
-3344
-5236
-356
-7932
-4216
-2272
-9252
-3432
-3164
-10460
-5500
-1804
-10444
-7284
-264
-9508
-7504
-72
-9072
-7364
-44
-8380
-6956
-324
-8824
-6648
-448
-9344
-6884
-360
-9304
-8104
-64
-9304
-9044
-124
-8000
-9204
-792
-7212
-8200
-384
-6076
-5304
-436
-4988
-352
-3544
-984
-808
-444
-48
368
964
1144
2312
228
2956
44
2976
120
2240
316
1000
188
104
-108
-924
-212
-1284
-448
-2032
28
-3032
-176
-2596
-616
-2096
-1048
-572
-416
-352
-144
180
516
604
812
1188
884
2688
180
3004
-4
3304
332
2612
1656
1328
2040
568
2992
104
2788
136
3856
900
2412
4080
512
6540
1508
4644
8596
320
7152
10516
2228
5328
12108
9888
8
9748
12728
9456
-12
10504
12100
7288
1084
10508
9060
56
7748
7364
4
7136
3336
1484
5188
0
3808
440
2740
2116
948
2156
292
2648
28
3636
292
2892
948
1344
2348
1052
2364
-20
2284
8
1996
192
-208
-184
-576
72
-1896
-8
-2616
-224
-2052
-1136
-1740
-1696
-1128
-1112
36
-1808
-60
-404
32
1716
120
916
552
2096
1216
1144
2308
608
2340
20
1888
0
756
20
-1756
-20
-3676
-812
-3592
-4964
-308
-7852
-3676
-2680
-9424
-4104
-3020
-10244
-6080
-1472
-9880
-7280
-340
-9520
-7684
-84
-8640
-7712
-128
-8260
-7360
-252
-8412
-6528
-552
-9472
-6920
-324
-9224
-8756
-32
-8848
-8988
-224
-7612
-10280
-648
-5980
-9140
-388
-5620
-5860
-432
-4916
-536
-2568
-920
-1180
-308
244
324
1088
612
1984
600
2436
48
3332
136
2164
156
1604
528
20
-216
-1252
-284
-1148
-236
-2144
-40
-3464
-120
-2372
-672
-1788
-556
-992
-1300
-152
-40
12
920
576
760
1592
764
2404
160
3116
0
3344
380
2440
1048
1656
2340
560
2584
16
3228
24
3556
1188
2980
4212
328
6632
1404
4540
8076
332
7300
10704
2512
5396
11380
10104
4
10004
12616
10144
0
9892
12112
7624
932
10128
9344
120
7720
7772
-12
6200
3144
1884
5064
12
4160
540
2256
2048
1120
2540
400
2768
20
3096
372
2488
1152
2196
2100
648
3228
124
1476
4
1460
12
352
-8
-632
-40
-1948
-36
-2732
-160
-1764
-952
-2120
-1676
-400
-1836
-564
-1316
32
-276
16
1100
144
1460
412
1932
1532
1312
2164
404
2656
12
1596
-12
296
32
-1684
-16
-3588
-612
-3068
-4776
-392
-8020
-3792
-2888
-9480
-3612
-3124
-10652
-5884
-1428
-9976
-7688
-308
-9044
-8052
-92
-8520
-7176
-120
-8768
-6876
-356
-8632
-7544
-324
-8640
-7288
-404
-8904
-8284
-16
-9136
-9252
-156
-8096
-9172
-772
-6556
-8312
-180
-6656
-5324
-288
-5632
-264
-3204
-1096
-564
-332
52
592
588
476
2720
424
3196
48
2420
56
2364
440
1308
280
-44
-168
-608
-176
-1464
-392
-2260
64
-3212
-24
-2912
-592
-1640
-916
-988
-660
-332
-348
236
712
776
904
1664
716
1860
400
3372
12
3124
404
2784
1208
1584
1544
456
3728
44
3096
88
3248
1216
2356
4260
688
6240
1696
4732
8060
340
7280
10760
2252
5320
11796
9768
4
10124
