1367
1166
3529
1589
980
3469
1845
806
3351
2147
656
3150
2501
560
2834
2894
574
2375
3271
780
1776
3521
1260
1123
3471
2029
631
2952
2924
631
1961
3516
1383
900
3247
2674
587
1984
3535
1619
688
2854
3210
985
1087
3268
2848
745
1344
3383
2732
723
1305
3317
2921
896
989
2997
3313
1415
611
2243
3547
2390
685
1147
3013
3392
1740
551
1555
3265
3245
1555
548
1575
3229
3324
1765
573
1246
2916
3512
2326
809
771
2236
3478
3065
1489
551
1305
2890
3534
2530
995
620
1812
3261
3385
2048
711
836
2287
3478
3095
1554
560
1225
2816
3542
2568
995
637
1927
3364
3235
1674
564
1282
2960
3489
2170
688
994
2712
3534
2310
715
1010
2805
3496
2030
587
1389
3225
3194
1310
634
2318
3547
2192
582
1582
3427
2738
759
1224
3276
2927
832
1187
3301
2816
716
1458
3474
2366
555
2101
3524
1547
742
3016
2978
701
1709
3548
1656
753
3131
2735
571
2252
3393
980
1416
3543
1631
857
3338
2266
595
2965
2768
553
2556
3116
641
2181
3337
794
1862
3464
974
1594
3529
1165
1367
3548
1367
1166
3529
1589
980
3469
1845
806
3351
2147
656
3150
2501
560
2834
2894
574
2375
3271
780
1776
3521
1260
1123
3471
2029
631
2952
2924
631
1961
3516
1383
900
3247
2674
587
1984
3535
1619
688
2854
3210
985
1087
3268
2848
745
1344
3383
2732
723
1305
3317
2921
896
989
2997
3313
1415
611
2243
3547
2390
685
1147
3013
3392
1740
551
1555
3265
3245
1555
548
1575
3229
3324
1765
573
1246
2916
3512
2326
809
771
2236
3478
3065
1489
551
1305
2890
3534
2530
995
620
1812
3261
3385
2048
711
836
2287
3478
3095
1554
560
1225
2816
3542
2568
995
637
1927
3364
3235
1674
564
1282
2960
3489
2170
688
994
2712
3534
2310
715
1010
2805
3496
2030
587
1389
3225
3194
1310
634
2318
3547
2192
582
1582
3427
2738
759
1224
3276
2927
832
1187
3301
2816
716
1458
3474
2366
555
2101
3524
1547
742
3016
2978
701
1709
3548
1656
753
3131
2735
571
2252
3393
980
1416
3543
1631
857
3338
2266
595
2965
2768
553
2556
3116
641
2181
3337
794
1862
3464
974
1594
3529
1165
1367
3548
1367
1166
3529
1589
980
3469
1845
806
3351
2147
656
3150
2501
560
2834
2894
574
2375
3271
780
1776
3521
1260
1123
3471
2029
631
2952
2924
631
1961
3516
1383
900
3247
2674
587
1984
3535
1619
688
2854
3210
985
1087
3268
2848
745
1344
3383
2732
723
1305
3317
2921
896
989
2997
3313
1415
611
2243
3547
2390
685
1147
3013
3392
1740
551
1555
3265
3245
1555
548
1575
3229
3324
1765
573
1246
2916
3512
2326
809
771
2236
3478
3065
1489
551
1305
2890
3534
2530
995
620
1812
3261
3385
2048
711
836
2287
3478
3095
1554
560
1225
2816
3542
2568
995
637
1927
3364
3235
1674
564
1282
2960
3489
2170
688
994
2712
3534
2310
715
1010
2805
3496
2030
587
1389
3225
3194
1310
634
2318
3547
2192
582
1582
3427
2738
759
1224
3276
2927
832
1187
3301
2816
716
1458
3474
2366
555
2101
3524
1547
742
3016
2978
701
1709
3548
1656
753
3131
2735
571
2252
3393
980
1416
3543
1631
857
3338
2266
595
2965
2768
553
2556
3116
641
2181
3337
794
1862
3464
974
1594
3529
1165
1367
3548
1367
1166
3529
1589
980
3469
1845
806
3351
2147
656
3150
2501
560
2834
2894
574
2375
3271
780
1776
3521
1260
1123
3471
2029
631
2952
2924
631
1961
3516
1383
900
3247
2674
587
1984
3535
1619
688
2854
3210
985
1087
3268
2848
745
1344
3383
2732
723
1305
3317
2921
896
989
2997
3313
1415
611
2243
3547
2390
685
1147
3013
3392
1740
551
1555
3265
3245
1555
548
1575
3229
3324
1765
573
1246
2916
3512
2326
809
771
2236
3478
3065
1489
551
1305
2890
3534
2530
995
620
1812
3261
3385
2048
711
836
2287
3478
3095
1554
560
1225
2816
3542
2568
995
637
1927
3364
3235
1674
564
1282
2960
3489
2170
688
994
2712
3534
2310
715
1010
2805
3496
2030
587
1389
3225
3194
1310
634
2318
3547
2192
582
1582
3427
2738
759
1224
3276
2927
832
1187
3301
2816
716
1458
3474
2366
555
2101
3524
1547
742
3016
2978
701
1709
3548
1656
753
3131
2735
571
2252
3393
980
1416
3543
1631
857
3338
2266
595
2965
2768
553
2556
3116
641
2181
3337
794
1862
3464
974
1594
3529
1165
1367
3548
1367
1166
3529
1589
980
3469
1845
806
3351
2147
656
3150
2501
560
2834
2894
574
2375
3271
780
1776
3521
1260
1123
3471
2029
631
2952
2924
631
1961
3516
1383
900
3247
2674
587
1984
3535
1619
688
2854
3210
985
1087
3268
2848
745
1344
3383
2732
723
1305
3317
2921
896
989
2997
3313
1415
611
2243
3547
2390
685
1147
3013
3392
1740
551
1555
3265
3245
1555
548
1575
3229
3324
1765
573
1246
2916
3512
2326
809
771
2236
3478
3065
1489
551
1305
2890
3534
2530
995
620
1812
3261
3385
2048
711
836
2287
3478
3095
1554
560
1225
2816
3542
2568
995
637
1927
3364
3235
1674
564
1282
2960
3489
2170
688
994
2712
3534
2310
715
1010
2805
3496
2030
587
1389
3225
3194
1310
634
2318
3547
2192
582
1582
3427
2738
759
1224
3276
2927
832
1187
3301
2816
716
1458
3474
2366
555
2101
3524
1547
742
3016
2978
701
1709
3548
1656
753
3131
2735
571
2252
3393
980
1416
3543
1631
857
3338
2266
595
2965
2768
553
2556
3116
641
2181
3337
794
1862
3464
974
1594
3529
1165
1367
3548
1367
1166
3529
1589
980
3469
1845
806
3351
2147
656
3150
2501
560
2834
2894
574
2375
3271
780
1776
3521
1260
1123
3471
2029
631
2952
2924
631
1961
3516
1383
900
3247
2674
587
1984
3535
1619
688
2854
3210
985
1087
3268
2848
745
1344
3383
2732
723
1305
3317
2921
896
989
2997
3313
1415
611
2243
3547
2390
685
1147
3013
3392
1740
551
1555
3265
3245
1555
548
1575
3229
3324
1765
573
1246
2916
3512
2326
809
771
2236
3478
3065
1489
551
1305
2890
3534
2530
995
620
1812
3261
3385
2048
711
836
2287
3478
3095
1554
560
1225
2816
3542
2568
995
637
1927
3364
3235
1674
564
1282
2960
3489
2170
688
994
2712
3534
2310
715
1010
2805
3496
2030
587
1389
3225
3194
1310
634
2318
3547
2192
582
1582
3427
2738
759
1224
3276
2927
832
1187
3301
2816
716
1458
3474
2366
555
2101
3524
1547
742
3016
2978
701
1709
3548
1656
753
3131
2735
571
2252
3393
980
1416
3543
1631
857
3338
2266
595
2965
2768
553
2556
3116
641
2181
3337
794
1862
3464
974
1594
3529
1165
1367
3548
1367
1166
3529
1589
980
3469
1845
806
3351
2147
656
3150
2501
560
2834
2894
574
2375
3271
780
1776
3521
1260
1123
3471
2029
631
2952
2924
631
1961
3516
1383
900
3247
2674
587
1984
3535
1619
688
2854
3210
985
1087
3268
2848
745
1344
3383
2732
723
1305
3317
2921
896
989
2997
3313
1415
611
2243
3547
2390
685
1147
3013
3392
1740
551
1555
3265
3245
1555
548
1575
3229
3324
1765
573
1246
2916
3512
2326
809
771
2236
3478
3065
1489
551
1305
2890
3534
2530
995
620
1812
3261
3385
2048
711
836
2287
3478
3095
1554
560
1225
2816
3542
2568
995
637
1927
3364
3235
1674
564
1282
2960
3489
2170
688
994
2712
3534
2310
715
1010
2805
3496
2030
587
1389
3225
3194
1310
634
2318
3547
2192
582
1582
3427
2738
759
1224
3276
2927
832
1187
3301
2816
716
1458
3474
2366
555
2101
3524
1547
742
3016
2978
701
1709
3548
1656
753
3131
2735
571
2252
3393
980
1416
3543
1631
857
3338
2266
595
2965
2768
553
2556
3116
641
2181
3337
794
1862
3464
974
1594
3529
1165
1367
3548
1367
1166
3529
1589
980
3469
1845
806
3351
2147
656
3150
2501
560
2834
2894
574
2375
3271
780
1776
3521
1260
1123
3471
2029
631
2952
2924
631
1961
3516
1383
900
3247
2674
587
1984
3535
1619
688
2854
3210
985
1087
3268
2848
745
1344
3383
2732
723
1305
3317
2921
896
989
2997
3313
1415
611
2243
3547
2390
685
1147
3013
3392
1740
551
1555
3265
3245
1555
548
1575
3229
3324
1765
573
1246
2916
3512
2326
809
771
2236
3478
3065
1489
551
1305
2890
3534
2530
995
620
1812
3261
3385
2048
711
836
2287
3478
3095
1554
560
1225
2816
3542
2568
995
637
1927
3364
3235
1674
564
1282
2960
3489
2170
688
994
2712
3534
2310
715
1010
2805
3496
2030
587
1389
3225
3194
1310
634
2318
3547
2192
582
1582
3427
2738
759
1224
3276
2927
832
1187
3301
2816
716
1458
3474
2366
555
2101
3524
1547
742
3016
2978
701
1709
3548
1656
753
3131
2735
571
2252
3393
980
1416
3543
1631
857
3338
2266
595
2965
2768
553
2556
3116
641
2181
3337
794
1862
3464
974
1594
3529
1165
1367
3548
1367
1166
3529
1589
980
3469
1845
806
3351
2147
656
3150
2501
560
2834
2894
574
2375
3271
780
1776
3521
1260
1123
3471
2029
631
2952
2924
631
1961
3516
1383
900
3247
2674
587
1984
3535
1619
688
2854
3210
985
1087
3268
2848
745
1344
3383
2732
723
1305
3317
2921
896
989
2997
3313
1415
611
2243
3547
2390
685
1147
3013
3392
1740
551
1555
3265
3245
1555
548
1575
3229
3324
1765
573
1246
2916
3512
2326
809
771
2236
3478
3065
1489
551
1305
2890
3534
2530
995
620
1812
3261
3385
2048
711
836
2287
3478
3095
1554
560
1225
2816
3542
2568
995
637
1927
3364
3235
1674
564
1282
2960
3489
2170
688
994
2712
3534
2310
715
1010
2805
3496
2030
587
1389
3225
3194
1310
634
2318
3547
2192
582
1582
3427
2738
759
1224
3276
2927
832
1187
3301
2816
716
1458
3474
2366
555
2101
3524
1547
742
3016
2978
701
1709
3548
1656
753
3131
2735
571
2252
3393
980
1416
3543
1631
857
3338
2266
595
2965
2768
553
2556
3116
641
2181
3337
794
1862
3464
974
1594
3529
1165
1367
3548
1367
1166
3529
1589
980
3469
1845
806
3351
2147
656
3150
2501
560
2834
2894
574
2375
3271
780
1776
3521
1260
1123
3471
2029
631
2952
2924
631
1961
3516
1383
900
3247
2674
587
1984
3535
1619
688
2854
3210
985
1087
3268
2848
745
1344
3383
2732
723
1305
3317
2921
896
989
2997
3313
1415
611
2243
3547
2390
685
1147
3013
3392
1740
551
1555
3265
3245
1555
548
1575
3229
3324
1765
573
1246
2916
3512
2326
809
771
2236
3478
3065
1489
551
1305
2890
3534
2530
995
620
1812
3261
3385
2048
711
836
2287
3478
3095
1554
560
1225
2816
3542
2568
995
637
1927
3364
3235
1674
564
1282
2960
3489
2170
688
994
2712
3534
2310
715
1010
2805
3496
2030
587
1389
3225
3194
1310
634
2318
3547
2192
582
1582
3427
2738
759
1224
3276
2927
832
1187
3301
2816
716
1458
3474
2366
555
2101
3524
1547
742
3016
2978
701
1709
3548
1656
753
3131
2735
571
2252
3393
980
1416
3543
1631
857
3338
2266
595
2965
2768
553
2556
3116
641
2181
3337
794
1862
3464
974
1594
3529
1165
1367
3548
1367
1166
3529
1589
980
3469
1845
806
3351
2147
656
3150
2501
560
2834
2894
574
2375
3271
780
1776
3521
1260
1123
3471
2029
631
2952
2924
631
1961
3516
1383
900
3247
2674
587
1984
3535
1619
688
2854
3210
985
1087
3268
2848
745
1344
3383
2732
723
1305
3317
2921
896
989
2997
3313
1415
611
2243
3547
2390
685
1147
3013
3392
1740
551
1555
3265
3245
1555
548
1575
3229
3324
1765
573
1246
2916
3512
2326
809
771
2236
3478
3065
1489
551
1305
2890
3534
2530
995
620
1812
3261
3385
2048
711
836
2287
3478
3095
1554
560
1225
2816
3542
2568
995
637
1927
3364
3235
1674
564
1282
2960
3489
2170
688
994
2712
3534
2310
715
1010
2805
3496
2030
587
1389
3225
3194
1310
634
2318
3547
2192
582
1582
3427
2738
759
1224
3276
2927
832
1187
3301
2816
716
1458
3474
2366
555
2101
3524
1547
742
3016
2978
701
1709
3548
1656
753
3131
2735
571
2252
3393
980
1416
3543
1631
857
3338
2266
595
2965
2768
553
2556
3116
641
2181
3337
794
1862
3464
974
1594
3529
1165
1367
3548
1367
1166
3529
1589
980
3469
1845
806
3351
2147
656
3150
2501
560
2834
2894
574
2375
3271
780
1776
3521
1260
1123
3471
2029
631
2952
2924
631
1961
3516
1383
900
3247
2674
587
1984
3535
1619
688
2854
3210
985
1087
3268
2848
745
1344
3383
2732
723
1305
3317
2921
896
989
2997
3313
1415
611
2243
3547
2390
685
1147
3013
3392
1740
551
1555
3265
3245
1555
548
1575
3229
3324
1765
573
1246
2916
3512
2326
809
771
2236
3478
3065
1489
551
1305
2890
3534
2530
995
620
1812
3261
3385
2048
711
836
2287
3478
3095
1554
560
1225
2816
3542
2568
995
637
1927
3364
3235
1674
564
1282
2960
3489
2170
688
994
2712
3534
2310
715
1010
2805
3496
2030
587
1389
3225
3194
1310
634
2318
3547
2192
582
1582
3427
2738
759
1224
3276
2927
832
1187
3301
2816
716
1458
3474
2366
555
2101
3524
1547
742
3016
2978
701
1709
3548
1656
753
3131
2735
571
2252
3393
980
1416
3543
1631
857
3338
2266
595
2965
2768
553
2556
3116
641
2181
3337
794
1862
3464
974
1594
3529
1165
1367
3548
1367
1166
3529
1589
980
3469
1845
806
3351
2147
656
3150
2501
560
2834
2894
574
2375
3271
780
1776
3521
1260
1123
3471
2029
631
2952
2924
631
1961
3516
1383
900
3247
2674
587
1984
3535
1619
688
2854
3210
985
1087
3268
2848
745
1344
3383
2732
723
1305
3317
2921
896
989
2997
3313
1415
611
2243
3547
2390
685
1147
3013
3392
1740
551
1555
3265
3245
1555
548
1575
3229
3324
1765
573
1246
2916
3512
2326
809
771
2236
3478
3065
1489
551
1305
2890
3534
2530
995
620
1812
3261
3385
2048
711
836
2287
3478
3095
1554
560
1225
2816
3542
2568
995
637
1927
3364
3235
1674
564
1282
2960
3489
2170
688
994
2712
3534
2310
715
1010
2805
3496
2030
587
1389
3225
3194
1310
634
2318
3547
2192
582
1582
3427
2738
759
1224
3276
2927
832
1187
3301
2816
716
1458
3474
2366
555
2101
3524
1547
742
3016
2978
701
1709
3548
1656
753
3131
2735
571
2252
3393
980
1416
3543
1631
857
3338
2266
595
2965
2768
553
2556
3116
641
2181
3337
794
1862
3464
974
1594
3529
1165
1367
3548
1367
1166
3529
1589
980
3469
1845
806
3351
2147
656
3150
2501
560
2834
2894
574
2375
3271
780
1776
3521
1260
1123
3471
2029
631
2952
2924
631
1961
3516
1383
900
3247
2674
587
1984
3535
1619
688
2854
3210
985
1087
3268
2848
745
1344
3383
2732
723
1305
3317
2921
896
989
2997
3313
1415
611
2243
3547
2390
685
1147
3013
3392
1740
551
1555
3265
3245
1555
548
1575
3229
3324
1765
573
1246
2916
3512
2326
809
771
2236
3478
3065
1489
551
1305
2890
3534
2530
995
620
1812
3261
3385
2048
711
836
2287
3478
3095
1554
560
1225
2816
3542
2568
995
637
1927
3364
3235
1674
564
1282
2960
3489
2170
688
994
2712
3534
2310
715
1010
2805
3496
2030
587
1389
3225
3194
1310
634
2318
3547
2192
582
1582
3427
2738
759
1224
3276
2927
832
1187
3301
2816
716
1458
3474
2366
555
2101
3524
1547
742
3016
2978
701
1709
3548
1656
753
3131
2735
571
2252
3393
980
1416
3543
1631
857
3338
2266
595
2965
2768
553
2556
3116
641
2181
3337
794
1862
3464
974
1594
3529
1165
1367
3548
1367
1166
3529
1589
980
3469
1845
806
3351
2147
656
3150
2501
560
2834
2894
574
2375
3271
780
1776
3521
1260
1123
3471
2029
631
2952
2924
631
1961
3516
1383
900
3247
2674
587
1984
3535
1619
688
2854
3210
985
1087
3268
2848
745
1344
3383
2732
723
1305
3317
2921
896
989
2997
3313
1415
611
2243
3547
2390
685
1147
3013
3392
1740
551
1555
3265
3245
1555
548
1575
3229
3324
1765
573
1246
2916
3512
2326
809
771
2236
3478
3065
1489
551
1305
2890
3534
2530
995
620
1812
3261
3385
2048
711
836
2287
3478
3095
1554
560
1225
2816
3542
2568
995
637
1927
3364
3235
1674
564
1282
2960
3489
2170
688
994
2712
3534
2310
715
1010
2805
3496
2030
587
1389
3225
3194
1310
634
2318
3547
2192
582
1582
3427
2738
759
1224
3276
2927
832
1187
3301
2816
716
1458
3474
2366
555
2101
3524
1547
742
3016
2978
701
1709
3548
1656
753
3131
2735
571
2252
3393
980
1416
3543
1631
857
3338
2266
595
2965
2768
553
2556
3116
641
2181
3337
794
1862
3464
974
1594
3529
1165
1367
3548
1367
1166
3529
1589
980
3469
1845
806
3351
2147
656
3150
2501
560
2834
2894
574
2375
3271
780
1776
3521
1260
1123
3471
2029
631
2952
2924
631
1961
3516
1383
900
3247
2674
587
1984
3535
1619
688
2854
3210
985
1087
3268
2848
745
1344
3383
2732
723
1305
3317
2921
896
989
2997
3313
1415
611
2243
3547
2390
685
1147
3013
3392
1740
551
1555
3265
3245
1555
548
1575
3229
3324
1765
573
1246
2916
3512
2326
809
771
2236
3478
3065
1489
551
1305
2890
3534
2530
995
620
1812
3261
3385
2048
711
836
2287
3478
3095
1554
560
1225
2816
3542
2568
995
637
1927
3364
3235
1674
564
1282
2960
3489
2170
688
994
2712
3534
2310
715
1010
2805
3496
2030
587
1389
3225
3194
1310
634
2318
3547
2192
582
1582
3427
2738
759
1224
3276
2927
832
1187
3301
2816
716
1458
3474
2366
555
2101
3524
1547
742
3016
2978
701
1709
3548
1656
753
3131
2735
571
2252
3393
980
1416
3543
1631
857
3338
2266
595
2965
2768
553
2556
3116
641
2181
3337
794
1862
3464
974
1594
3529
1165
1367
3548
1367
1166
3529
1589
980
3469
1845
806
3351
2147
656
3150
2501
560
2834
2894
574
2375
3271
780
1776
3521
1260
1123
3471
2029
631
2952
2924
631
1961
3516
1383
900
3247
2674
587
1984
3535
1619
688
2854
3210
985
1087
3268
2848
745
1344
3383
2732
723
1305
3317
2921
896
989
2997
3313
1415
611
2243
3547
2390
685
1147
3013
3392
1740
551
1555
3265
3245
1555
548
1575
3229
3324
1765
573
1246
2916
3512
2326
809
771
2236
3478
3065
1489
551
1305
2890
3534
2530
995
620
1812
3261
3385
2048
711
836
2287
3478
3095
1554
560
1225
2816
3542
2568
995
637
1927
3364
3235
1674
564
1282
2960
3489
2170
688
994
2712
3534
2310
715
1010
2805
3496
2030
587
1389
3225
3194
1310
634
2318
3547
2192
582
1582
3427
2738
759
1224
3276
2927
832
1187
3301
2816
716
1458
3474
2366
555
2101
3524
1547
742
3016
2978
701
1709
3548
1656
753
3131
2735
571
2252
3393
980
1416
3543
1631
857
3338
2266
595
2965
2768
553
2556
3116
641
2181
3337
794
1862
3464
974
1594
3529
1165
1367
3548
1367
1166
3529
1589
980
3469
1845
806
3351
2147
656
3150
2501
560
2834
2894
574
2375
3271
780
1776
3521
1260
1123
3471
2029
631
2952
2924
631
1961
3516
1383
900
3247
2674
587
1984
3535
1619
688
2854
3210
985
1087
3268
2848
745
1344
3383
2732
723
1305
3317
2921
896
989
2997
3313
1415
611
2243
3547
2390
685
1147
3013
3392
1740
551
1555
3265
3245
1555
548
1575
3229
3324
1765
573
1246
2916
3512
2326
809
771
2236
3478
3065
1489
551
1305
2890
3534
2530
995
620
1812
3261
3385
2048
711
836
2287
3478
3095
1554
560
1225
2816
3542
2568
995
637
1927
3364
3235
1674
564
1282
2960
3489
2170
688
994
2712
3534
2310
715
1010
2805
3496
2030
587
1389
3225
3194
1310
634
2318
3547
2192
582
1582
3427
2738
759
1224
3276
2927
832
1187
3301
2816
716
1458
3474
2366
555
2101
3524
1547
742
3016
2978
701
1709
3548
1656
753
3131
2735
571
2252
3393
980
1416
3543
1631
857
3338
2266
595
2965
2768
553
2556
3116
641
2181
3337
794
1862
3464
974
1594
3529
1165
1367
3548
1367
1166
3529
1589
980
3469
1845
806
3351
2147
656
3150
2501
560
2834
2894
574
2375
3271
780
1776
3521
1260
1123
3471
2029
631
2952
2924
631
1961
3516
1383
900
3247
2674
587
1984
3535
1619
688
2854
3210
985
1087
3268
2848
745
1344
3383
2732
723
1305
3317
2921
896
989
2997
3313
1415
611
2243
3547
2390
685
1147
3013
3392
1740
551
1555
3265
3245
1555
548
1575
3229
3324
1765
573
1246
2916
3512
2326
809
771
2236
3478
3065
1489
551
1305
2890
3534
2530
995
620
1812
3261
3385
2048
711
836
2287
3478
3095
1554
560
1225
2816
3542
2568
995
637
1927
3364
3235
1674
564
1282
2960
3489
2170
688
994
2712
3534
2310
715
1010
2805
3496
2030
587
1389
3225
3194
1310
634
2318
3547
2192
582
1582
3427
2738
759
1224
3276
2927
832
1187
3301
2816
716
1458
3474
2366
555
2101
3524
1547
742
3016
2978
701
1709
3548
1656
753
3131
2735
571
2252
3393
980
1416
3543
1631
857
3338
2266
595
2965
2768
553
2556
3116
641
2181
3337
794
1862
3464
974
1594
3529
1165
1367
3548
1367
1166
3529
1589
980
3469
1845
806
3351
2147
656
3150
2501
560
2834
2894
574
2375
3271
780
1776
3521
1260
1123
3471
2029
631
2952
2924
631
1961
3516
1383
900
3247
2674
587
1984
3535
1619
688
2854
3210
985
1087
3268
2848
745
1344
3383
2732
723
1305
3317
2921
896
989
2997
3313
1415
611
2243
3547
2390
685
1147
3013
3392
1740
551
1555
3265
3245
1555
548
1575
3229
3324
1765
573
1246
2916
3512
2326
809
771
2236
3478
3065
1489
551
1305
2890
3534
2530
995
620
1812
3261
3385
2048
711
836
2287
3478
3095
1554
560
1225
2816
3542
2568
995
637
1927
3364
3235
1674
564
1282
2960
3489
2170
688
994
2712
3534
2310
715
1010
2805
3496
2030
587
1389
3225
3194
1310
634
2318
3547
2192
582
1582
3427
2738
759
1224
3276
2927
832
1187
3301
2816
716
1458
3474
2366
555
2101
3524
1547
742
3016
2978
701
1709
3548
1656
753
3131
2735
571
2252
3393
980
1416
3543
1631
857
3338
2266
595
2965
2768
553
2556
3116
641
2181
3337
794
1862
3464
974
1594
3529
1165
1367
3548
